0.297 0.293 0.302 0.315 0.297 0.300 0.301 0.305 0.301 0.291 0.306 0.291 0.300 0.304
0.296 0.297 0.308 0.309 0.301 0.304 0.301 0.302 0.298 0.290 0.301 0.284 0.293 0.302
0.297 0.301 0.308 0.312 0.308 0.305 0.300 0.295 0.290 0.283 0.295 0.286 0.300 0.300
0.336 0.325 0.335 0.357 0.356 0.357 0.348 0.366 0.357 0.362 0.371 0.377 0.340 0.328
0.333 0.323 0.327 0.352 0.358 0.362 0.351 0.355 0.357 0.359 0.368 0.369 0.332 0.321
0.327 0.318 0.327 0.353 0.364 0.364 0.356 0.359 0.356 0.360 0.367 0.365 0.332 0.317
OBSTR 0.314 0.325 0.353 0.362 0.367 0.359 0.361 0.356 0.362 0.366 0.360 0.328 0.315
OBSTR 0.313 0.323 0.351 0.364 0.368 0.361 0.360 0.364 0.365 0.370 0.354 0.327 0.311
OBSTR 0.316 0.315 0.348 0.361 0.373 0.372 0.364 0.364 0.366 0.368 0.355 0.329 0.310
OBSTR 0.311 0.311 0.345 0.364 0.375 0.371 0.372 0.368 0.370 0.370 0.359 0.330 0.315
OBSTR 0.313 0.316 0.344 0.361 0.378 0.375 0.376 0.371 0.374 0.370 0.353 0.330 0.324
OBSTR 0.316 0.318 0.346 0.366 0.379 0.375 0.377 0.377 0.378 0.373 0.358 0.333 0.318
0.313 0.312 0.317 0.348 0.369 0.384 0.380 0.381 0.374 0.380 0.378 0.366 0.334 0.317
0.309 0.311 0.318 0.349 0.375 0.387 0.382 0.386 0.382 0.385 0.385 0.370 0.337 0.315
0.309 0.313 0.322 0.348 0.376 0.385 0.383 0.385 0.388 0.388 0.385 0.371 0.333 0.312
0.313 0.313 0.323 0.353 0.375 0.381 0.381 0.388 0.386 0.386 0.381 0.371 0.334 0.316
0.324 0.315 0.318 0.348 0.373 0.385 0.381 0.384 0.388 0.386 0.379 0.373 0.332 0.319
0.262 0.285 0.278 0.283 0.300 0.297 0.306 0.301 0.298 0.292 0.280 0.271 0.268 0.258
0.258 0.285 0.279 0.281 0.300 0.303 0.305 0.302 0.307 0.292 0.278 0.266 0.267 0.250
0.262 0.285 0.279 0.283 0.302 0.306 0.309 0.304 0.306 0.293 0.278 0.268 0.265 0.254
0.268 0.290 0.281 0.286 0.301 0.305 0.307 0.301 0.302 0.291 0.279 0.275 0.268 0.256
0.273 0.290 0.283 0.287 0.301 0.301 0.304 0.299 0.300 0.287 0.280 0.272 0.271 0.260
0.268 0.290 0.284 0.286 0.300 0.304 0.304 0.297 0.299 0.289 0.279 0.268 0.268 0.258
0.271 0.291 0.282 0.289 0.301 0.302 0.300 0.300 0.297 0.287 0.275 0.273 0.275 0.262
0.278 0.293 0.282 0.286 0.299 0.297 0.298 0.293 0.296 0.286 0.275 0.275 0.273 0.262
0.277 0.293 0.280 0.289 0.301 0.301 0.303 0.289 0.295 0.295 0.278 0.275 0.269 0.263
